000011111111111111111111110000
000111111222222222222111111000
000111112222222222222211111000
000111112222222222222211111000
000111122222233332222221111000
001111122222333333222221111100
011111222223333333322222111110
111111222223333333322222111111
111112222223333333322222211111
111112222223333333322222211111
111111222223333333322222111111
111111122223333333322221111111
011111112222233332222211111110
001111112222222222222211111100
001111111222222222222111111100
000111111122222222221111111000
000111111111222222111111111000
000001111111111111111111100000
000000011111111111111110000000
000000001111111111111100000000
500